# id	file_path	transparent_color_r	g	b
[TEXTURES]
0	textures\tankAndMain.png	255	255	255
20	textures\misc.png	176	224	248

# id	left	top	right	bottom	texture_id
[SPRITES]
# BIG MARIO 
# idle right
10001	0	6	26	42	0
# walk right
10002	0	6	26	42	0		
10003	39	6	66	42	0
10004	80	6	106	42	0
10005	120	6	146	42	0
# idle left
10011	162	160	188	195	0
#walk left
10012	162	160	188	195	0
10013	122	160	147	195	0
10014	81	160	108	195	0
10015	42	160	67	195	0
# die 
10099	215	120	231	135	0
# jump right
10040	159	7	186	44	0
10041	120	7	146	41	0
10042	120	7	146	41	0
10043	120	7	146	41	0
# jump left
10050	0	159	28	200	0
10051	41	159	68	198	0
10052	80	159	108	198	0
10053	121	159	148	198	0
# attack up right
10060	196	36	225	78	0
10061	196	75	228	110	0
10062	203	270	230	310	0
# walk up right
10070	203	270	230	310	0
10071	238	270	265	310	0
10072	140	270	167	310	0
10073	171	270	198	310	0
# jump up right
10080	240	310	270	345	0
10081	238	270	265	310	0
# attack up left
10090	664	36	691	78	0
10091	664	75	691	110	0
10092	44	270	70	310	0
# jump up left
10100	285	310	315	345	0
10101	285	270	315	310	0
# walk up left
10110	44	270	70	310	0
10111	9	270	35	310	0
10112	105	270	130	310	0
10113	75	270	100	310	0
#state_untouchable_right
10120	0	6	26	42	0
10121	140	340	166	377	0
#state_untouchable_left
10130	162	160	188	195	0
10131	102	340	130	377	0

#die
10099	45	21	61	29	10
#BRICK
20001	408	225	424	241	20
#GOOMBA
30001	5	14	21	29	10
30002	25	14	41	29	10
#die
30003	45	21	61	29	10

#brick with question mark animation
40001	300	117	316	133	20
40002	318	117	334	133	20
40003	336	117	352	133	20
40004	355	117	370	133	20

#Bullet
60001	933	361	941	369	60						
# ani_id	sprite1_id	time1	sprite2_id	time2	...
[ANIMATIONS]

# ==== MARIO =========
#idle right
400	10001	100
#idle left
401	10011	100
#walk right 
402	10002	50	10003	50	10004	50	10005	50
#walk left 
403	10012	50	10013	50	10014	50	10015	50
#jump right
404	10040	500	10041	100	10042	100	10043	100
#jump left
405	10050	500	10051	100	10052	100	10053	100
# attack up right
406	10060	150	10061	150	10062	150
# stand attack right
407	10062	100
# walk up right
408	10070	50	10071	50	10072	50	10073	50
# jump up right
409	10080	500	10081	500
# attack up left
410	10090	150	10091	150	10092	150
# stand attack right
411	10092	100
# jump up left
412	10100	500	10101	500
# walk up left
413	10110	50	10111	50	10112	50	10113	50
#walk after jump right 
414	10002	25	10003	25	10004	25	10005	25
#walk after jump left 
415	10012	25	10013	25	10014	25	10015	25
#untouchable right
416	10120	50	10121	50
#untouchable left
417	10130	50	10131	50
#die
499	10099	100
# ==== BRICK =========
601	20001	100

# ==== QUESTION MARK BRICK =========
602	40001	1000	40001	100	40002	100	40003	100	40004	100
#Bullet
901	60001	100

#
# id	ani1	ani2	ani3
#
[ANIMATION_SETS]
# MARIO
1	400	401	402	403	404	405	406	407	408	409	410	411	412	413	414	415	416	417	499
# BRICK 
2	601
# QUESTION MARK BRICK 
22	602

[OBJECTS]
# type	x	y	ani_set_id	extra_settings per object type
# type: 0 = Mario , 1 = Brick
# MARIO
0	50.0	0	1

# BRICK 
# --- platform (hint: I created the list using Excel!) ----
1	0	150	2
1	16	150	2
1	32	150	2
1	48	150	2
1	64	150	2
1	80	150	2
1	96	150	2
1	112	150	2
1	128	150	2
1	144	150	2
1	160	150	2
1	176	150	2
1	192	150	2
1	208	150	2
1	224	150	2
1	240	150	2
1	256	150	2
1	272	150	2
1	288	150	2
1	304	150	2
1	320	150	2
1	336	150	2
1	352	150	2
1	368	150	2
1	384	150	2
1	400	150	2
1	416	150	2
1	432	150	2
1	448	150	2

# ---- brick group 1 ----
1	100	74	2
1	100	90	22
1	84	90	22

# ---- brick group 2 ----
1	160	74	2
1	160	90	22
1	144	90	22

# ---- brick group 3 ----
1	220	74	2
1	220	90	22
1	204	90	22

# --- SCENE PORTAL ----
# type	l	t	ani_set_id	r	b	scene_id
#50	300	98	0	316	150	2

