# id	file_path	transparent_color_r	g	b
[TEXTURES]
0	textures\SpritesTank.png	0	136	255
10	textures\tankAndMain.png	0	136	255
20	textures\bbox.png	237	38	26
90	textures\enemies-1.png	255	0	255
30	textures\itemsandobjects.png	176	224	248 
70	textures\area2.png	255	255	255
80	textures\UI.png	255	255	255
# id	left	top	right	bottom	texture_id
[SPRITES]
#UI
10200	359	6	369	56	80
10201	347	6	357	56	80
10202	335	6	345	56	80
10203	323	6	333	56	80
10204	311	6	321	56	80
10205	298	6	308	56	80
10206	286	6	296	56	80
10207	275	6	285	56	80
10208	263	6	273	56	80
#===============BACKGROUND-AREA2==============
70000	0	2799	1024	3039	70
# JASON
# idle right
11001	3	98	11	114	0
# walk
11002	12	98	20	114	0
11003	21	98	29	114	0
11004	30	98	38	114	0
# idle left
11011	3	30	11	46	0
#walk
11012	12	30	20	46	0
11013	21	30	29	46	0
11014	30	30	38	46	0
# die 
11090	0	83	19	96	0
11091	0	64	17	80	0
11092	20	64	35	80	0
11093	38	64	52	80	0
11094	54	64	70	80	0
11095	20	83	36	96	0
# CRAWL JASON
# idle right
11021	37	89	53	97	0
# walk
11022	54	89	70	97	0
11023	37	89	53	97	0
# idle left
11031	3	47	19	55	0
# walk
11032	20	47	36	55	0
11033	3	47	19	55	0

# SOPHIA
# idle right
10001	0	6	26	42	10
# walk right
10002	0	6	26	42	10
10003	39	6	66	42	10
10004	80	6	106	42	10
10005	120	6	146	42	10
# idle left
10011	162	160	188	195	10
#walk left
10012	162	160	188	195	10
10013	122	160	147	195	10
10014	81	160	108	195	10
10015	42	160	67	195	10
# die 
10099	215	120	231	135	10
# jump right
10040	159	7	186	44	10
10041	120	7	146	41	10
10042	120	7	146	41	10
10043	120	7	146	41	10
# jump left
10050	0	159	28	200	10
10051	41	159	68	198	10
10052	80	159	108	198	10
10053	121	159	148	198	10
# attack up right
10060	196	36	225	78	10
10061	196	75	228	110	10
10062	203	270	230	310	10
# walk up right
10070	203	270	230	310	10
10071	238	270	265	310	10
10072	140	270	167	310	10
10073	171	270	198	310	10
# jump up right
10080	240	310	270	345	10
10081	238	270	265	310	10
# attack up left
10090	664	36	691	78	10
10091	664	75	691	110	10
10092	44	270	70	310	10
# jump up left
10100	285	310	315	345	10
10101	285	270	315	310	10
# walk up left
10110	44	270	70	310	10
10111	9	270	35	310	10
10112	105	270	130	310	10
10113	75	270	100	310	10
#state_untouchable_right
10120	0	6	26	42	10
10121	140	340	166	377	10
#state_untouchable_left
10130	162	160	188	195	10
10131	102	340	130	377	10
#die
10098	276	399	347	450	10
10099	276	450	347	510	10

#BRICK
20001	408	225	424	241	20
#GOOMBA
30001	5	14	21	29	10
30002	25	14	41	29	10
#die
30003	45	21	61	29	10

#=============== WORMS =========
# walk right
90001	191	412	207	421	90
90002	172	412	189	421	90
# walk left
90003	46	412	62	421	90
90004	64	412	81	421	90

# DOMES
# == ani right ==
# up
90005	169	424	186	441	90
90006	149	425	166	441	90
# left
90007	132	441	149	458	90
90008	133	461	149	478	90
# down
90009	149	479	166	495	90
90010	169	479	186	494	90
# right
90011	187	461	203	478	90
90012	187	441	202	458	90

# == ani left ==
# up
90013	67	424	84	441	90
90014	87	425	104	441	90
# right
90015	105	441	121	458	90
90016	105	461	120	478	90
# down
90017	87	479	104	495	90
90018	67	479	84	494	90
# left
90019	50	461	67	478	90
90020	51	441	67	458	90

#brick with question mark animation
40001	300	117	316	133	20
40002	318	117	334	133	20
40003	336	117	352	133	20
40004	355	117	370	133	20

#BULLET		
80000	73	38	81	46	0
80001	166	97	182	113	0
80002	149	97	165	113	0
80003	140	101	148	109	0
80004	73	20	81	28	0
80005	73	72	81	80	0
80006	82	20	90	28	0
80007	91	20	115	28	0
80008	91	72	115	80	0
80009	116	20	124	44	0

#ITEMS
60001	104	108	121	125	30

# WORMS
# walk right
90001	191	412	207	421	90
90002	172	412	189	421	90
# walk left
90003	46	412	62	421	90
90004	64	412	81	421	90

# INSECT
# walking left
90027	103	529	122	548	90
90028	83	532	102	548	90
# walking right
90029	131	529	150	548	90
90030	151	532	170	548	90

# FLOATERS
# walking left
90036	83	407	102	422	90
# walking right
90037	151	407	170	422	90
# gun left
90038	103	406	122	422	90
# gun right
90039	131	406	150	422	90
# bullet left
90040	31	304	40	313	90
# buller right
90041	213	304	222	313	90

# ani_id	sprite1_id	time1	sprite2_id	time2	...
[ANIMATIONS]
# ==== BACKGROUND_AREA2 =========
700	70000	1000
# ==== SOPHIA =========
#idle right
400	10001	100
#idle left
401	10011	100
#walk right 
402	10002	50	10003	50	10004	50	10005	50
#walk left 
403	10012	50	10013	50	10014	50	10015	50
#jump right
404	10040	500	10041	100	10042	100	10043	100
#jump left
405	10050	500	10051	100	10052	100	10053	100
# attack up right
406	10060	150	10061	150	10062	150
# stand attack right
407	10062	100
# walk up right
408	10070	50	10071	50	10072	50	10073	50
# jump up right
409	10080	500	10081	500
# attack up left
410	10090	150	10091	150	10092	150
# stand attack right
411	10092	100
# jump up left
412	10100	500	10101	500
# walk up left
413	10110	50	10111	50	10112	50	10113	50
#walk after jump right 
414	10002	25	10003	25	10004	25	10005	25
#walk after jump left 
415	10012	25	10013	25	10014	25	10015	25
#untouchable right
416	10120	50	10121	50
#untouchable left
417	10130	50	10131	50
#die
499	10098	100	10099	100

# ======== JASON ===============
#idle BIG right
500	11001	100
#idle BIG left
501	11011	100
#idle small right
502	11021	100
#idle small left
503	11031	100
#walk right big
504	11002	75	11003	75	11004	75	11003	75
#walk left big
505	11012	75	11013	75	11014	75	11013	75
#walk right small
506	11021	100	11022	100	11023	100
#walk left small
507	11031	100	11032	100	11033	100
#walk right small
508	11002	100
#walk left small
509	11012	100
#die
599	11090	100	11091	100	11092	100	11093	100	11094	100	11095	1000

#==== BULLET==== 
800	80000	100 
801	80002	50	80001	100
802	80004	100
803	80005	100
804	80006	100
805	80007	100
806	80008	100
807	80009	100

# ==== WORMS =========
#walk right
900	90001	100	90002	100
#walk left
901	90003	100	90004	100

# ==== DOMES =========
# == ani right ==
# up
902	90005	100	90006	100
# left
903	90007	100	90008	100
# down
904	90009	100	90010	100
# right
905	90011	100	90012	100

# == ani left ==
# up
906	90013	100	90014	100
# right
907	90015	100	90016	100
# down
908	90017	100	90018	100
# left
909	90019	100	90020	100

# == wait fighting ==
# up
990	90013	100
# right
991	90007	100
# down
992	90009	100
# left
993	90015	100

# ==== INSECT =========
# walking left
914	90027	100	90028	100
# walking right
915	90029	100	90030	100


# ==== BRICK =========
601	20001	100

# ==== QUESTION MARK BRICK =========
602	40001	1000	40001	100	40002	100	40003	100	40004	100

# === ITEMS =========
603	60001	100

# ==== WORMS =========
#walk right
900	90001	100	90002	100
#walk left
901	90003	100	90004	100
# ==== TRAP =========
701	30001	100
# ==== UI =========
1000	10200	100
1001	10201	100
1002	10202	100
1003	10203	100
1004	10204	100
1005	10205	100
1006	10206	100
1007	10207	100
1008	10208	100
# ==== FLOATERS =========
922	90036	100
923	90037	100
924	90038	100
925	90039	100
926	90040	100
927	90041	100
#
# id	ani1	ani2	ani3
#
[ANIMATION_SETS]
#===== BACKGROUND ==========
19	700
# JASON
1	500	501	502	506	504	505	503	507	508	509	599
# BRICK 
2	601
# ITEMS
3	603
# Bullet
6	800	801	802	803	804	805	806	807
#SOPHIA
7	400	401	402	403	404	405	406	407	408	409	410	411	412	413	414	415	416	417	499
# WORMS
9	900	901
# DOMES
10	902	903	904	905	906	907	908	909	990	991	992	993
# FLOATERS
11	922	923	924	925	926	927
35	922	923	924	925	926	927
# INSECT
12	914	915
#TRAP
8	701


#UI
99	1000	1001	1002	1003	1004	1005	1006	1007	1008
[OBJECTS]
# type	x	y	ani_set_id	extra_settings per object type
# type: 0 = Mario , 1 = Brick, 19 = BACKGROUND, 9 = WORMS, 31 = DOMES
#====== BACKGROUND =======
19	0	0	19
# MARIO
7	50	0	7
0	50.0	1000	1
# BULLET
#6	30	124	8

#========== WORMS ==============
30	150	50	9
30	250	50	9
30	500	50	9
30	850	50	9
30	920	50	9


# DOMES
31	200	32	10	0.05	0.1
31	150	100	10	0.05	0.1

#========== INSECT ==============
#33	200	32	12	0.05	0.1

#========== FLOATERS ==============
35	600	50	11	0.03	0.05
35	850	50	11	0.03	0.05
35	920	50	11	0.03	0.05

# BRICK 
# --- platform (hint: I created the list using Excel!) ----
# type	x	y	ani_set_id	BBOX_WITH   BB_HEIGHT  
1	0	160	2	316	16
1	-16	0	2	16	240
1	1024	0	2	16	240
1	380	160	2	130	16
1	575	160	2	130	16
1	768	160	2	256	16
1	768	160	2	256	16
1	0	0	2	1050	32
1	50	0	2	30	65
1	113	0	2	30	80
1	175	0	2	30	65
1	240	0	2	30	110
1	305	0	2	30	80
1	370	0	2	30	65
1	433	0	2	30	65
1	496	0	2	30	80
1	561	0	2	30	65
1	624	0	2	30	110
1	688	0	2	30	65
1	752	0	2	30	65
1	817	0	2	30	80
1	880	0	2	30	110
#--- trap ---
8	0	224	2	1008	16

# --- SCENE PORTAL ----
# type	left	top	ani_set_id	right	bottom	scene_id
50	978	98	0	984	150	18

# UI
40	0	100	99